-0.553284897895
-0.553284897895
-0.553284897895
-0.553284897895
-0.553284897895
-0.553284897895
-0.553284897895
-0.553284897895
-0.553284897895
-0.553284897895
-0.553284897895
-0.553284897895
-0.553284897895
-0.553284897895
-0.553284897895
-0.553284897895
-0.553284897895
-0.553284897895
-0.553284897895
-0.553284897895
-0.553284897895
-0.553284897895
-0.553284897895
-0.553284897895
-0.553284897895
-0.553284897895
-0.553284897895
-0.553284897895
-0.553284897895
-0.553284897883
-0.553284897895
-0.553284897895
-0.553284897895
-0.553284897895
-0.553284897895
-0.553284897895
-0.553284897895
-0.553284897895
-0.553284897884
-0.553284897895
-0.553284897895
-0.553284897895
-0.553284897895
-0.553284897895
-0.553284897895
-0.553284897895
-0.553284897895
-0.553284897895
-0.553284897895
-0.553276958272
-0.553284897895
-0.553284897895
-0.553284897895
-0.553284897895
-0.553284897895
-0.553284897895
-0.553284897895
-0.553284897895
-0.553284897895
-0.553284897895
-0.553284897895
-0.553284897895
-0.553284897895
-0.553284897895
-0.553284897895
-0.553284897895
-0.553284897895
-0.553284897895
-0.553284897895
-0.553284897895
-0.553284897895
-0.553284897895
-0.553284897895
-0.553284897895
-0.553284897895
-0.553284897895
-0.553284897895
-0.553284897895
-0.553284897895
-0.553284897895
-0.553284897895
-0.553284897895
-0.553284897895
-0.553284897895
-0.553276958272
-0.553284897895
-0.553284897895
-0.553284897895
-0.553284897895
-0.553284897895
-0.553284897895
-0.553284897895
-0.553284897895
-0.553284897895
-0.553284897895
-0.553284897895
-0.553284897895
-0.553284897895
-0.553284897895
-0.553284897895
-0.553284897895
-0.553284897895
-0.553284897895
-0.553284897895
-0.553284897895
-0.553284897895
-0.553284897895
-0.553284897895
-0.553284897895
-0.553284897895
-0.553284897895
-0.553284897895
-0.553284897895
-0.553284897895
-0.553284897895
-0.553284897895
-0.553284897895
-0.553284897895
-0.553284897895
-0.553284897895
-0.553284897895
-0.553284897895
-0.553284897895
-0.553284897893
-0.553284897895
-0.553284897895
-0.553284897895
-0.553284897895
-0.553284897895
-0.553284897895
-0.553284897895
-0.553284896922
-0.553284897895
-0.553284897895
-0.553284897895
-0.553284897895
-0.553284897895
-0.553284897894
-0.553284897895
-0.553284897895
-0.553284897895
-0.553284897895
-0.553284897895
-0.553284897895
-0.553284897895
-0.553284897895
-0.553284897895
-0.553284897895
-0.553284897895
-0.553284897895
-0.553284897895
-0.553284897895
-0.553284897895
-0.553284897895
-0.553284897895
-0.553284897895
-0.553284897895
-0.553284897895
-0.553284897895
-0.553284897895
-0.553284897895
-0.553284897895
-0.553284897895
-0.553284897895
-0.553284897895
-0.553284897895
-0.553284897895
-0.553284897895
-0.553284897895
-0.553284897895
-0.553284897895
-0.553284897895
-0.553284897895
-0.553284897895
-0.553284896928
-0.553284897895
-0.553284897895
-0.553284897895
-0.553284897895
-0.553284897895
-0.553284897895
-0.553284897895
-0.553284897895
-0.553284897895
-0.553284897895
-0.553284897895
-0.553284897895
-0.553284897895
-0.553284897895
-0.553284897895
-0.553284897895
-0.553284897895
-0.553284897895
-0.553284897895
-0.553284897895
-0.553284897895
-0.553284897895
-0.553284897895
-0.553284897895
-0.553284897895
-0.553284897895
-0.55328489789
-0.553284897895
-0.553284897895
-0.553284897895
-0.553284897895
-0.553284897895
-0.553284897895
-0.553284897895
-0.553284897895
-0.553284897895
-0.553284897895
-0.553284897895
-0.553284897895
-0.553284897895
-0.553284897895
-0.553284897895
-0.553284897895
-0.553284897895
-0.553284897895
-0.553284897895
-0.553284897895
-0.553284897895
-0.553284897895
-0.553284897895
-0.553284897895
-0.553284897895
-0.553284897895
-0.553284897895
-0.553284897895
-0.553284897895
-0.553284897895
-0.553284897895
-0.553284897895
-0.553284897895
-0.553284897895
-0.553284897895
-0.553284897895
-0.553284897895
-0.553284897895
-0.553284897895
-0.553284897895
-0.553284897895
-0.553284897895
-0.553284897895
-0.553284897895
-0.553284897895
-0.553284897895
-0.553284897895
-0.553284897895
-0.553284897895
-0.553284897895
-0.553284897895
-0.553284897895
-0.553284897895
-0.553284839587
-0.553284897895
-0.553284897895
-0.553284897895
-0.553284897895
-0.553284897895
-0.553284897895
-0.553284897895
-0.553284897895
-0.553284897895
-0.553284897895
-0.553284897895
-0.553284897895
-0.553284897895
-0.553284897895
-0.553284897895
-0.553284897895
-0.553284897895
-0.553284897895
-0.553284897895
-0.553284897895
-0.553284897895
-0.553284897547
-0.553284897895
-0.553284897895
-0.553284897895
-0.553284897895
-0.553284897895
-0.553284897845
-0.553284897895
-0.553284897895
-0.553284897895
-0.553284897895
-0.553284897895
-0.553284897895
-0.553284897895
-0.553284897895
-0.553284897895
-0.553284897895
-0.553284897895
-0.553284897895
-0.553284897895
-0.553284897895
-0.553284897895
-0.553284897895
-0.553284897895
-0.553284897895
-0.553284897895
-0.553284897895
-0.553284897895
-0.553284897895
-0.553284897895
-0.553284897894
-0.553284897894
-0.553284897895
-0.553284897895
-0.553284897895
-0.553284897895
-0.553284897895
-0.553284897895
-0.553284897895
-0.553284897895
-0.553284897895
-0.553284897895
-0.553284897895
-0.553284897895
-0.553284897895
-0.553284897895
-0.553284856917
-0.553284897895
-0.553284897895
-0.553284897895
-0.553284897895
-0.553284897895
-0.553284897894
-0.553284897895
-0.553284897895
-0.553284897895
-0.553284897895
-0.553284897895
-0.553284897895
-0.553284897895
-0.553284897895
-0.553284897895
-0.553284897895
-0.553284839587
-0.553284897887
-0.553284897895
-0.553284897895
-0.553284897895
-0.553284893177
-0.553284897895
-0.553284897893
-0.553284897895
-0.553284897894
-0.553284897895
-0.553284897895
-0.553284897895
-0.553284897895
-0.553284897895
-0.553284897895
-0.553284897893
-0.553284897895
-0.553284897895
-0.553284860523
-0.553284897895
-0.553284897876
-0.553284897895
-0.553284897895
-0.553284897895
-0.553284897895
-0.553284897895
-0.553284897895
-0.553284897895
-0.553284897895
-0.553284897895
-0.553284897895
-0.553284897895
-0.553284897895
-0.553284897895
-0.553284897895
-0.553284897895
-0.553284897895
-0.553284897895
-0.553284897895
-0.553284897895
-0.553284897895
-0.553284897895
-0.553284897771
-0.553284897895
-0.553284897895
-0.553284897895
-0.553284897895
-0.553284897895
-0.553284897895
-0.553284897895
-0.553284897895
-0.553284897895
-0.553284897895
-0.553284897895
-0.553284897895
-0.553284897895
-0.553284897895
-0.553284897895
-0.553284897895
-0.553284897895
-0.553284897895
-0.553284897895
-0.553284897894
-0.553284897895
-0.553284897895
-0.553284829524
-0.553284897895
-0.553284897895
-0.553284897895
-0.553284897895
-0.553284897895
-0.553284897895
-0.553284897895
-0.553284897895
-0.553284897895
-0.553284897895
-0.553284897895
-0.553284897895
-0.553284897895
-0.553284897895
-0.553284897895
-0.553284897895
-0.553284897895
-0.553284897895
-0.553284897895
-0.553284897895
-0.553284897895
-0.553284897895
-0.553284897895
-0.553284897894
-0.553284897895
-0.553284897895
-0.553284897895
-0.553284897895
-0.553284897895
-0.553284897895
-0.553284897895
-0.553284897799
-0.553284897895
-0.553284897895
-0.553284897895
-0.553284897895
-0.553284897895
-0.553284897895
-0.553284897895
-0.553284897895
-0.553284897895
-0.553284897895
-0.553284897895
-0.553284897895
-0.553284897895
-0.553284897895
-0.553284897894
-0.553284897895
-0.553284897895
-0.553284897895
-0.553284897303
-0.553284897895
-0.553284897895
-0.55328489121
-0.553284897895
-0.553284897837
-0.553284897895
-0.553284897895
-0.553284897895
-0.553284897895
-0.553284897895
-0.553284897895
-0.553284897895
-0.553284897894
-0.553284897895
-0.553284897895
-0.553284897895
-0.553284897894
-0.553284314757
-0.553284897895
-0.553284897895
-0.553284897894
-0.553284897895
-0.553284897895
-0.553284897895
-0.553284897895
-0.553284897895
-0.553284897702
-0.553284897895
-0.553284897895
-0.553284897895
-0.553284897895
-0.553284897895
-0.553284897895
-0.553284897895
-0.553284897895
-0.553284897895
-0.553284897895
-0.553284897895
-0.553284897895
-0.553284897895
-0.553284897895
-0.553284897895
-0.553284897895
-0.553284897895
-0.553284897895
-0.553284897895
-0.553284897895
-0.553284897895
-0.553284897895
-0.553284897895
-0.553284897895
-0.553284897895
-0.553284897895
-0.553284897895
-0.553284897895
-0.553284897895
-0.553284897895
-0.553284897895
-0.553284897895
-0.553284897895
-0.553284897895
-0.553284897895
-0.553284897895
-0.55328489765
-0.553284897895
-0.553284897895
-0.553284897895
-0.553284897895
-0.553284897895
-0.553284897895
-0.553284897895
-0.553284897895
-0.553284897895
-0.553284897895
-0.553284897895
-0.553284897895
-0.553284897895
-0.553284897895
-0.553284897895
-0.553284897895
-0.553284897895
-0.553284897895
-0.553284897895
-0.553284897895
-0.553284897861
-0.553284897895
-0.553284897894
-0.553284897895
-0.553284897895
-0.553284897895
-0.553284896852
-0.553284897895
-0.553284897895
-0.553284897895
-0.553284897895
-0.553284897895
-0.553284897895
-0.553284897306
-0.553284897895
-0.553284897895
-0.553284897895
-0.553284897895
-0.553284897895
-0.553284897895
-0.553284897895
-0.553284897895
-0.553284897895
-0.553284897895
-0.553284897895
-0.553284897891
-0.553284897895
-0.553284897895
-0.553284897895
-0.553284897888
-0.553284897895
-0.553284897895
-0.553284897895
-0.553284897895
-0.553284897895
-0.553284897895
-0.553284897895
-0.553284897895
-0.553284897895
-0.553284897895
-0.553284897895
-0.553284897876
-0.553284897895
-0.553284897895
-0.553284897895
-0.553284897895
-0.553284897895
-0.553284897895
-0.553284897793
-0.553284897895
-0.553284897895
-0.553284897895
-0.553284897895
-0.553284897893
-0.553284897895
-0.553284897895
-0.553284897895
-0.55328489712
-0.553284897895
-0.553284897895
-0.553284897895
-0.553284897895
-0.553284897895
-0.553284897895
-0.553284897895
-0.553284897895
-0.553284897895
-0.553284897895
-0.553284897895
-0.553284897895
-0.553284897895
-0.553284897895
-0.553284897895
-0.553284897895
-0.553284897895
-0.553284897895
-0.553284897895
-0.553284897895
-0.553284897895
-0.553284897895
-0.55327975836
-0.553284897895
-0.553284897895
-0.553284897342
-0.553284897895
-0.553284897895
-0.553284897895
-0.553284897895
-0.553284865696
-0.553284897895
-0.553284897895
-0.553284897895
-0.553284897895
-0.553284897892
-0.553284897893
-0.553284897895
-0.553284897895
-0.553284897895
-0.553284897894
-0.553284897895
-0.553284897895
-0.553284897895
-0.553284897895
-0.553284897895
-0.553284897725
-0.553284897895
-0.553284897895
-0.553284897895
-0.553284897895
-0.553284897895
-0.553284897895
-0.553284897895
-0.553284897895
-0.553284897895
-0.553284897895
-0.553284897895
-0.553284897893
-0.553284897895
-0.553284897895
-0.553284897895
-0.553284897895
-0.553284897894
-0.553284897895
-0.553284897895
-0.553284897895
-0.553284897895
-0.553284897895
-0.553284897895
-0.553284897895
-0.553284897895
-0.553284897895
-0.553284897544
-0.553284897895
-0.553284897893
-0.553284897895
-0.553284897895
-0.553284897895
-0.553284897895
-0.553284897895
-0.553284897895
-0.553284897895
-0.553284897895
-0.553284897895
-0.553284897895
-0.553284897895
-0.553284897895
-0.553284897895
-0.553284897895
-0.553284897895
-0.553284897895
-0.553284897895
-0.553284897895
-0.553284897895
-0.553284897895
-0.553284895509
-0.553284897895
-0.553284897895
-0.553284897895
-0.553284897895
-0.553284897895
-0.553284897895
-0.553284897857
-0.553284897895
-0.553284897895
-0.55328489777
-0.553284897895
-0.553284897895
-0.553284897894
-0.553284897895
-0.553284897895
-0.553284897886
-0.553284897895
-0.553284897895
-0.553284897895
-0.553284897895
-0.553284897882
-0.553284897895
-0.553284897895
-0.553284897895
-0.553284897895
-0.553284897895
-0.553284897895
-0.553284897895
-0.553284897895
-0.553284897895
-0.553284809306
-0.553284897895
-0.553284897895
-0.553284897895
-0.553284897895
-0.553284897895
-0.553284897895
-0.553284897895
-0.553284897895
-0.553284897895
-0.553284897895
-0.553284897895
-0.553284897837
-0.553284897895
-0.553284897895
-0.553284897894
-0.553284897895
-0.553284897895
-0.553284897895
-0.553284897895
-0.553284897895
-0.553284897894
-0.553284897895
-0.553284897895
-0.553284897895
-0.553284897895
-0.553284897895
-0.553284897895
-0.553284897895
-0.553284897895
-0.553284897892
-0.553284897895
-0.553284897895
-0.553284897895
-0.553284897893
-0.553284897895
-0.553284897895
-0.553284897895
-0.553284897895
-0.553284897895
-0.553284897895
-0.553284897895
-0.553284897895
-0.553284897895
-0.553284897895
-0.553284897895
-0.553284897895
-0.553284897895
-0.553284897895
-0.553284897895
-0.553284897895
-0.553284897895
-0.553284897895
-0.553284897895
-0.553284897895
-0.553284897895
-0.553284897895
-0.553284897895
-0.553284897895
-0.553284897895
-0.553284897895
-0.553284897895
-0.553284897761
-0.553284897895
-0.553284897895
-0.553284897895
-0.553284897895
-0.553284897895
-0.553284897895
-0.553284897895
-0.553284897895
-0.553284897895
-0.553284897895
-0.553284897893
-0.553284897895
-0.553284897895
-0.553284897874
-0.553284897895
-0.553284897895
-0.553284897895
-0.553284897895
-0.553284897895
-0.553284897895
-0.553284897895
-0.553284897895
-0.553284897895
-0.553284897895
-0.553284897895
-0.553284897895
-0.553284897881
-0.553284897895
-0.553284897895
-0.553284897895
-0.553284897358
-0.553284897895
-0.553284897895
-0.553284897895
-0.553284897895
-0.553284897895
-0.553284897895
-0.553284897895
-0.553284897895
-0.553284897895
-0.553284897895
-0.553284897895
-0.553284897895
-0.553284897895
-0.553284897895
-0.553284897895
-0.553284897895
-0.553284897895
-0.553284897895
-0.553284897895
-0.553284897895
-0.553284897895
-0.553284897894
-0.553284897895
-0.553284897892
-0.553284897895
-0.553284897895
-0.553284897895
-0.553284897895
-0.553284897895
-0.553284897895
-0.553284897895
-0.553284897895
-0.553284897893
-0.553284897895
-0.553284897895
-0.553284897634
-0.553284897895
-0.553284897895
-0.553284897407
-0.553284897895
-0.553284897895
-0.553284897894
-0.553284897895
-0.553284897887
-0.553284897887
-0.553284897895
-0.553284897895
-0.553284897895
-0.553284897895
-0.553284897861
-0.553284897895
-0.553284897895
-0.553284897894
-0.553284897895
-0.553284897895
-0.553284897895
-0.553284897895
-0.553284897895
-0.553284897895
-0.553284897895
-0.553284897895
-0.553284897895
-0.553284897895
-0.553284897895
-0.553284897895
-0.553284897895
-0.553284897895
-0.553284897895
-0.553284897895
-0.553284897895
-0.553284897894
-0.553284897895
-0.553284897895
-0.553284897895
-0.553284897895
-0.553284897895
-0.553284897895
-0.553284897895
-0.553284897895
-0.553284897895
-0.553284897895
-0.553284897895
-0.553284897895
-0.553284897895
-0.553284897895
-0.553284897895
-0.553284897875
-0.553284897895
-0.553284897479
-0.553284897895
-0.553284897895
-0.553284897895
-0.553284897895
-0.553284897895
-0.553284897895
-0.553284897895
-0.553284897894
-0.553284897642
-0.553284897895
-0.553284897895
-0.553284897895
-0.553284897895
-0.553284897895
-0.553284897895
-0.553284897895
-0.553284897895
-0.553284897895
-0.553284897895
-0.553284897895
-0.553284897895
-0.553284897895
-0.553284897895
-0.553284897895
-0.553284897808
-0.553284897895
-0.553284897893
-0.553284897895
-0.553284897895
-0.553284897895
-0.553284897895
-0.553284897895
-0.553284866877
-0.553284897895
-0.553284897895
-0.553284897895
-0.553284897895
-0.553284897895
-0.553284897895
-0.553284897895
-0.553284897895
-0.553284897895
-0.553284897895
-0.553284897895
-0.553284897895
-0.553284897895
-0.553284897894
-0.553284897895
-0.553284897846
-0.553284897895
-0.553284897895
-0.553284897895
-0.553284897895
-0.553284897895
-0.553284897889
-0.553284897895
-0.553284897895
-0.553284897895
-0.553284897895
-0.553284897895
-0.553284897895
-0.553284897895
-0.553284897895
-0.553284897895
-0.553284897895
-0.553284897895
-0.553284897895
-0.553284897895
-0.553284897895
-0.553284897895
-0.553284897018
-0.553284897882
-0.553284897895
-0.553284897895
-0.553284897895
-0.553284897895
-0.553284897895
-0.553284897895
-0.553284897895
-0.553284897895
-0.553284897895
-0.553284897895
-0.553284897895
-0.553284897895
-0.553284897894
-0.553284897895
-0.553284897895
-0.553284897895
-0.553284897895
-0.553284897895
-0.553284897895
-0.553284897895
-0.553284897895
-0.553284897895
-0.553284897895
-0.553284897895
-0.553284897895
-0.553284897895
-0.553284897895
-0.553284897895
-0.553284897894
-0.553284897895
-0.553284897895
-0.553284897895
-0.553284897895
-0.553284897895
-0.553284897895
-0.553284897895
-0.553284897895
-0.553284897895
-0.553284897895
-0.553284897895
-0.553284897894
-0.553284897895
-0.553284897895
-0.553284897895
-0.553284897864
-0.553284897895
-0.553284897895
-0.553284897895
-0.553284897895
-0.553284897895
-0.553284897895
-0.553284897895
-0.553284897895
-0.553284897895
-0.553284897895
-0.553284897895
-0.553284897895
-0.553284897895
-0.553284897889
-0.553284897895
-0.553284897469
-0.553284897895
-0.553284897895
-0.553284897895
-0.553284897895
-0.553284897895
-0.553284897895
-0.553284897895
-0.553284897883
-0.553284897895
-0.55328489787
-0.553284897535
-0.553284897894
-0.553284897895
-0.553284897895
-0.553284897895
-0.553284897895
-0.553284897895
-0.553284897895
-0.553284897895
-0.553284897895
-0.553284897895
-0.553284897613
-0.553284897895
-0.553284897895
-0.553284897895
-0.553284897895
-0.553284897895
-0.553284897895
-0.553284897895
-0.553284897895
-0.55328489788
-0.553284897895
-0.553284897558
-0.553284897862
-0.553284897895
-0.553284897895
-0.553284897895
-0.553284897895
-0.553284897895
-0.553284897895
-0.553284897895
-0.553284897894
-0.553284836552
-0.553284897048
-0.553284897895
-0.553284897895
-0.553284896861
-0.553284897895
-0.553284187455
-0.553284897895
('False Positives  : ', 0)
('True Positives  : ', 0)
('False Negitives  : ', 166)
('True Negitives  : ', 927)
